8.200000000000000000e+01 -9.310000000000000000e+02 1.519000000000000000e+03 1.349000000000000000e+03 1.077000000000000000e+03 1.220000000000000000e+02 -2.970000000000000000e+02 1.390000000000000000e+02 2.090000000000000000e+02 3.640000000000000000e+02 -5.590000000000000000e+02 -3.980000000000000000e+02 -3.200000000000000000e+01 -7.910000000000000000e+02 -1.041000000000000000e+03 1.680000000000000000e+03 1.600000000000000000e+03 8.290000000000000000e+02 -3.840000000000000000e+02 4.680000000000000000e+02 6.870000000000000000e+02 -1.738000000000000000e+03 -2.970000000000000000e+02 -3.460000000000000000e+02 -2.090000000000000000e+02 -1.830000000000000000e+02 7.780000000000000000e+02 3.970000000000000000e+02 -9.900000000000000000e+01 1.332000000000000000e+03 1.440000000000000000e+02 2.890000000000000000e+02 1.646000000000000000e+03 -1.577000000000000000e+03 8.200000000000000000e+02 1.458000000000000000e+03 -4.950000000000000000e+02 -5.490000000000000000e+02 4.040000000000000000e+02 1.318000000000000000e+03 9.630000000000000000e+02 -1.190000000000000000e+02 -1.304000000000000000e+03 1.910000000000000000e+02 3.270000000000000000e+02 3.550000000000000000e+02 3.370000000000000000e+02 1.108000000000000000e+03 1.550000000000000000e+02 -2.270000000000000000e+02 -1.287000000000000000e+03 -9.900000000000000000e+01 -1.855000000000000000e+03 6.420000000000000000e+02 -7.400000000000000000e+01 -8.620000000000000000e+02 3.180000000000000000e+02 -1.175000000000000000e+03 -2.850000000000000000e+02 1.035000000000000000e+03 -1.449000000000000000e+03 3.800000000000000000e+01 1.799000000000000000e+03 -5.260000000000000000e+02 -4.610000000000000000e+02 1.065000000000000000e+03 6.050000000000000000e+02 -5.410000000000000000e+02 8.800000000000000000e+01 -3.480000000000000000e+02 1.411000000000000000e+03 -1.009000000000000000e+03 -2.080000000000000000e+02 5.690000000000000000e+02 5.060000000000000000e+02 7.320000000000000000e+02 -1.652000000000000000e+03 1.890000000000000000e+02 9.120000000000000000e+02 2.040000000000000000e+02 8.510000000000000000e+02 -9.450000000000000000e+02 -1.965000000000000000e+03 -1.802000000000000000e+03 4.710000000000000000e+02 -1.950000000000000000e+02 -9.050000000000000000e+02 9.300000000000000000e+01 1.141000000000000000e+03 -8.730000000000000000e+02 -1.800000000000000000e+01 -8.450000000000000000e+02 7.310000000000000000e+02 -1.174000000000000000e+03 -6.290000000000000000e+02 1.500000000000000000e+02 -9.990000000000000000e+02 -6.770000000000000000e+02 -1.555000000000000000e+03 1.090000000000000000e+02
-9.310000000000000000e+02 -1.828000000000000000e+03 -8.810000000000000000e+02 7.160000000000000000e+02 -7.180000000000000000e+02 1.110000000000000000e+03 4.960000000000000000e+02 -2.900000000000000000e+02 1.710000000000000000e+02 -2.270000000000000000e+02 2.310000000000000000e+02 1.707000000000000000e+03 -9.990000000000000000e+02 -1.297000000000000000e+03 4.590000000000000000e+02 -2.510000000000000000e+02 -3.850000000000000000e+02 -3.920000000000000000e+02 -1.040000000000000000e+02 1.447000000000000000e+03 -3.500000000000000000e+01 3.510000000000000000e+02 -1.198000000000000000e+03 1.413000000000000000e+03 7.600000000000000000e+02 6.810000000000000000e+02 4.000000000000000000e+00 -5.980000000000000000e+02 4.460000000000000000e+02 -3.510000000000000000e+02 8.100000000000000000e+02 9.640000000000000000e+02 -4.850000000000000000e+02 5.420000000000000000e+02 3.680000000000000000e+02 -4.470000000000000000e+02 1.112000000000000000e+03 7.970000000000000000e+02 -1.130000000000000000e+02 1.638000000000000000e+03 -6.300000000000000000e+02 2.900000000000000000e+02 -5.600000000000000000e+02 6.670000000000000000e+02 -5.100000000000000000e+01 -9.620000000000000000e+02 -1.284000000000000000e+03 -9.260000000000000000e+02 -1.390000000000000000e+02 -1.110000000000000000e+02 3.750000000000000000e+02 1.720000000000000000e+02 1.257000000000000000e+03 -1.618000000000000000e+03 9.360000000000000000e+02 -5.070000000000000000e+02 8.010000000000000000e+02 5.000000000000000000e+00 3.420000000000000000e+02 4.050000000000000000e+02 -3.410000000000000000e+02 1.200000000000000000e+03 -5.570000000000000000e+02 -1.070000000000000000e+02 -5.070000000000000000e+02 -1.080000000000000000e+02 -8.180000000000000000e+02 -1.792000000000000000e+03 8.690000000000000000e+02 -1.190000000000000000e+02 -8.460000000000000000e+02 -4.480000000000000000e+02 -5.600000000000000000e+02 6.420000000000000000e+02 -3.700000000000000000e+02 2.700000000000000000e+01 2.620000000000000000e+02 -4.260000000000000000e+02 -1.850000000000000000e+02 -5.800000000000000000e+02 -5.680000000000000000e+02 -1.390000000000000000e+02 -8.750000000000000000e+02 7.870000000000000000e+02 1.030000000000000000e+03 -5.900000000000000000e+02 9.200000000000000000e+01 -6.590000000000000000e+02 -5.690000000000000000e+02 -1.830000000000000000e+02 -5.640000000000000000e+02 1.150000000000000000e+02 1.895000000000000000e+03 -8.170000000000000000e+02 -1.100000000000000000e+01 7.800000000000000000e+02 -2.200000000000000000e+01 1.102000000000000000e+03 4.240000000000000000e+02 1.370000000000000000e+03
1.519000000000000000e+03 -8.810000000000000000e+02 -1.705000000000000000e+03 -4.200000000000000000e+01 1.350000000000000000e+02 9.400000000000000000e+01 -5.530000000000000000e+02 -4.200000000000000000e+02 9.000000000000000000e+01 5.270000000000000000e+02 8.550000000000000000e+02 -1.310000000000000000e+02 -1.776000000000000000e+03 -1.270000000000000000e+02 1.208000000000000000e+03 -6.300000000000000000e+01 -9.200000000000000000e+01 -4.530000000000000000e+02 2.070000000000000000e+02 -8.690000000000000000e+02 -6.710000000000000000e+02 -9.490000000000000000e+02 -1.910000000000000000e+02 1.396000000000000000e+03 3.200000000000000000e+01 -6.850000000000000000e+02 -2.770000000000000000e+02 -4.500000000000000000e+02 4.300000000000000000e+01 7.310000000000000000e+02 3.700000000000000000e+01 5.000000000000000000e+02 6.400000000000000000e+01 -5.550000000000000000e+02 6.500000000000000000e+01 2.000000000000000000e+00 -6.090000000000000000e+02 -1.261000000000000000e+03 6.100000000000000000e+01 -2.290000000000000000e+02 2.930000000000000000e+02 -8.220000000000000000e+02 5.620000000000000000e+02 -1.380000000000000000e+02 -1.326000000000000000e+03 6.350000000000000000e+02 1.579000000000000000e+03 1.467000000000000000e+03 3.520000000000000000e+02 2.620000000000000000e+02 5.830000000000000000e+02 1.524000000000000000e+03 -1.192000000000000000e+03 9.480000000000000000e+02 7.400000000000000000e+01 -8.320000000000000000e+02 -8.900000000000000000e+02 1.129000000000000000e+03 -1.550000000000000000e+02 -1.624000000000000000e+03 1.800000000000000000e+01 8.990000000000000000e+02 1.260000000000000000e+02 4.890000000000000000e+02 2.670000000000000000e+02 1.110000000000000000e+02 -2.340000000000000000e+02 1.400000000000000000e+01 1.100000000000000000e+02 1.370000000000000000e+02 -1.590000000000000000e+02 -5.140000000000000000e+02 -1.790000000000000000e+02 -1.500000000000000000e+02 9.190000000000000000e+02 5.370000000000000000e+02 7.800000000000000000e+01 -7.070000000000000000e+02 1.420000000000000000e+02 4.760000000000000000e+02 4.880000000000000000e+02 2.120000000000000000e+02 6.720000000000000000e+02 6.400000000000000000e+01 -5.700000000000000000e+02 1.251000000000000000e+03 -1.074000000000000000e+03 -5.600000000000000000e+02 5.470000000000000000e+02 6.830000000000000000e+02 5.500000000000000000e+01 3.080000000000000000e+02 -7.150000000000000000e+02 -6.030000000000000000e+02 -3.080000000000000000e+02 -6.300000000000000000e+01 2.980000000000000000e+02 1.495000000000000000e+03 -1.088000000000000000e+03 1.480000000000000000e+02
1.349000000000000000e+03 7.160000000000000000e+02 -4.200000000000000000e+01 1.487000000000000000e+03 -7.700000000000000000e+02 -1.187000000000000000e+03 -3.270000000000000000e+02 -7.380000000000000000e+02 7.640000000000000000e+02 -7.640000000000000000e+02 -2.890000000000000000e+02 2.290000000000000000e+02 3.120000000000000000e+02 -3.000000000000000000e+01 -1.760000000000000000e+02 -1.459000000000000000e+03 7.510000000000000000e+02 -2.550000000000000000e+02 4.280000000000000000e+02 9.260000000000000000e+02 8.210000000000000000e+02 2.400000000000000000e+02 -7.000000000000000000e+01 -5.000000000000000000e+01 -2.100000000000000000e+02 -1.300000000000000000e+03 2.300000000000000000e+01 1.100000000000000000e+02 -2.130000000000000000e+02 8.710000000000000000e+02 -1.530000000000000000e+02 -1.011000000000000000e+03 -1.117000000000000000e+03 -2.630000000000000000e+02 -1.321000000000000000e+03 -1.220000000000000000e+03 1.690000000000000000e+02 -3.120000000000000000e+02 -1.521000000000000000e+03 1.327000000000000000e+03 -1.371000000000000000e+03 1.428000000000000000e+03 -1.500000000000000000e+02 -1.156000000000000000e+03 -1.090000000000000000e+02 -7.400000000000000000e+01 6.530000000000000000e+02 -1.000000000000000000e+02 -5.350000000000000000e+02 -1.204000000000000000e+03 -1.444000000000000000e+03 -9.500000000000000000e+02 -4.950000000000000000e+02 1.023000000000000000e+03 -1.756000000000000000e+03 -1.060000000000000000e+02 -1.501000000000000000e+03 2.660000000000000000e+02 5.880000000000000000e+02 1.160000000000000000e+02 7.980000000000000000e+02 -1.531000000000000000e+03 6.800000000000000000e+02 9.070000000000000000e+02 -7.870000000000000000e+02 1.200000000000000000e+03 2.350000000000000000e+02 5.270000000000000000e+02 8.180000000000000000e+02 1.219000000000000000e+03 -5.390000000000000000e+02 -5.310000000000000000e+02 1.381000000000000000e+03 -4.340000000000000000e+02 1.662000000000000000e+03 1.175000000000000000e+03 -6.000000000000000000e+00 -5.240000000000000000e+02 3.820000000000000000e+02 -1.640000000000000000e+02 1.194000000000000000e+03 5.100000000000000000e+02 1.830000000000000000e+02 -5.060000000000000000e+02 2.360000000000000000e+02 8.280000000000000000e+02 6.910000000000000000e+02 -9.400000000000000000e+01 1.286000000000000000e+03 1.250000000000000000e+02 7.590000000000000000e+02 5.580000000000000000e+02 -1.330000000000000000e+02 -5.300000000000000000e+02 -1.920000000000000000e+02 -5.210000000000000000e+02 1.614000000000000000e+03 -1.099000000000000000e+03 1.801000000000000000e+03 8.180000000000000000e+02
1.077000000000000000e+03 -7.180000000000000000e+02 1.350000000000000000e+02 -7.700000000000000000e+02 1.874000000000000000e+03 7.530000000000000000e+02 -2.930000000000000000e+02 9.720000000000000000e+02 -5.480000000000000000e+02 -6.100000000000000000e+02 -9.800000000000000000e+01 2.890000000000000000e+02 -1.257000000000000000e+03 -1.800000000000000000e+01 8.700000000000000000e+01 1.277000000000000000e+03 -6.560000000000000000e+02 -8.430000000000000000e+02 6.530000000000000000e+02 2.930000000000000000e+02 -1.640000000000000000e+03 -3.460000000000000000e+02 1.811000000000000000e+03 7.530000000000000000e+02 4.140000000000000000e+02 5.210000000000000000e+02 -6.360000000000000000e+02 -1.004000000000000000e+03 2.510000000000000000e+02 -5.600000000000000000e+01 1.000000000000000000e+03 -2.290000000000000000e+02 -1.229000000000000000e+03 -6.000000000000000000e+01 4.900000000000000000e+01 7.290000000000000000e+02 2.890000000000000000e+02 -3.340000000000000000e+02 -9.360000000000000000e+02 5.140000000000000000e+02 6.520000000000000000e+02 2.010000000000000000e+02 -1.043000000000000000e+03 -1.849000000000000000e+03 -6.540000000000000000e+02 -6.770000000000000000e+02 -3.970000000000000000e+02 3.740000000000000000e+02 2.570000000000000000e+02 -2.270000000000000000e+02 -4.910000000000000000e+02 -7.030000000000000000e+02 1.787000000000000000e+03 -4.780000000000000000e+02 2.080000000000000000e+02 8.650000000000000000e+02 -1.350000000000000000e+03 1.311000000000000000e+03 -3.600000000000000000e+01 1.920000000000000000e+02 2.970000000000000000e+02 6.440000000000000000e+02 7.670000000000000000e+02 6.120000000000000000e+02 6.470000000000000000e+02 1.062000000000000000e+03 -5.800000000000000000e+01 -3.570000000000000000e+02 4.000000000000000000e+01 -2.060000000000000000e+02 4.170000000000000000e+02 -1.332000000000000000e+03 8.680000000000000000e+02 7.100000000000000000e+01 -5.500000000000000000e+01 -1.700000000000000000e+01 4.450000000000000000e+02 2.830000000000000000e+02 5.500000000000000000e+01 4.800000000000000000e+02 -2.890000000000000000e+02 6.780000000000000000e+02 -5.580000000000000000e+02 -1.408000000000000000e+03 1.979000000000000000e+03 2.610000000000000000e+02 -6.570000000000000000e+02 -1.046000000000000000e+03 -9.520000000000000000e+02 1.160000000000000000e+03 -9.100000000000000000e+02 -7.280000000000000000e+02 2.070000000000000000e+02 9.630000000000000000e+02 1.660000000000000000e+02 2.820000000000000000e+02 -5.240000000000000000e+02 -5.600000000000000000e+01 1.688000000000000000e+03 1.485000000000000000e+03
1.220000000000000000e+02 1.110000000000000000e+03 9.400000000000000000e+01 -1.187000000000000000e+03 7.530000000000000000e+02 7.420000000000000000e+02 1.327000000000000000e+03 -1.067000000000000000e+03 -1.600000000000000000e+01 1.051000000000000000e+03 1.710000000000000000e+02 -1.638000000000000000e+03 -7.320000000000000000e+02 1.620000000000000000e+02 -1.252000000000000000e+03 -9.180000000000000000e+02 -2.550000000000000000e+02 -1.253000000000000000e+03 -6.980000000000000000e+02 5.700000000000000000e+02 -8.640000000000000000e+02 5.800000000000000000e+02 -1.248000000000000000e+03 1.048000000000000000e+03 2.400000000000000000e+01 2.540000000000000000e+02 -1.180000000000000000e+02 -1.070000000000000000e+02 -3.810000000000000000e+02 -9.130000000000000000e+02 1.330000000000000000e+02 2.030000000000000000e+02 -1.020000000000000000e+02 -6.370000000000000000e+02 -8.420000000000000000e+02 -3.540000000000000000e+02 1.120000000000000000e+02 1.412000000000000000e+03 -1.270000000000000000e+02 -5.990000000000000000e+02 -3.030000000000000000e+02 1.757000000000000000e+03 -1.164000000000000000e+03 1.837000000000000000e+03 -4.780000000000000000e+02 -2.890000000000000000e+02 -4.760000000000000000e+02 -7.110000000000000000e+02 -5.910000000000000000e+02 6.690000000000000000e+02 -1.038000000000000000e+03 2.800000000000000000e+02 2.390000000000000000e+02 -2.790000000000000000e+02 -5.300000000000000000e+02 1.247000000000000000e+03 1.740000000000000000e+02 1.425000000000000000e+03 -2.550000000000000000e+02 1.351000000000000000e+03 1.180000000000000000e+02 -8.480000000000000000e+02 4.820000000000000000e+02 1.709000000000000000e+03 7.420000000000000000e+02 1.058000000000000000e+03 9.340000000000000000e+02 3.400000000000000000e+02 6.100000000000000000e+01 1.569000000000000000e+03 4.990000000000000000e+02 -8.800000000000000000e+02 -7.040000000000000000e+02 -8.790000000000000000e+02 1.400000000000000000e+02 1.350000000000000000e+02 1.210000000000000000e+02 4.560000000000000000e+02 -5.200000000000000000e+02 -5.100000000000000000e+02 3.300000000000000000e+01 -1.209000000000000000e+03 1.372000000000000000e+03 6.600000000000000000e+01 -3.350000000000000000e+02 1.140000000000000000e+02 -2.200000000000000000e+01 6.800000000000000000e+02 -2.980000000000000000e+02 -1.700000000000000000e+02 -8.630000000000000000e+02 -1.274000000000000000e+03 -1.400000000000000000e+03 -1.080000000000000000e+03 -1.360000000000000000e+02 2.700000000000000000e+02 -9.610000000000000000e+02 -9.100000000000000000e+01 5.830000000000000000e+02 1.479000000000000000e+03
-2.970000000000000000e+02 4.960000000000000000e+02 -5.530000000000000000e+02 -3.270000000000000000e+02 -2.930000000000000000e+02 1.327000000000000000e+03 -1.990000000000000000e+02 -8.890000000000000000e+02 -1.195000000000000000e+03 -1.003000000000000000e+03 2.640000000000000000e+02 2.910000000000000000e+02 -1.146000000000000000e+03 7.030000000000000000e+02 5.620000000000000000e+02 1.260000000000000000e+03 -9.910000000000000000e+02 2.400000000000000000e+01 1.385000000000000000e+03 -8.850000000000000000e+02 -2.400000000000000000e+02 1.413000000000000000e+03 1.870000000000000000e+03 -9.510000000000000000e+02 4.100000000000000000e+02 1.206000000000000000e+03 -4.610000000000000000e+02 -1.469000000000000000e+03 -2.900000000000000000e+01 2.470000000000000000e+02 -5.440000000000000000e+02 -1.510000000000000000e+02 -1.228000000000000000e+03 -8.600000000000000000e+01 -8.480000000000000000e+02 -2.200000000000000000e+01 1.721000000000000000e+03 -1.061000000000000000e+03 3.340000000000000000e+02 -7.470000000000000000e+02 -4.440000000000000000e+02 -3.550000000000000000e+02 -8.210000000000000000e+02 1.041000000000000000e+03 -8.840000000000000000e+02 -1.540000000000000000e+02 1.039000000000000000e+03 8.450000000000000000e+02 -5.690000000000000000e+02 5.190000000000000000e+02 1.173000000000000000e+03 3.760000000000000000e+02 1.260000000000000000e+02 9.100000000000000000e+01 9.260000000000000000e+02 -4.000000000000000000e+00 -1.069000000000000000e+03 -1.166000000000000000e+03 1.688000000000000000e+03 -3.190000000000000000e+02 -1.865000000000000000e+03 -1.171000000000000000e+03 -3.480000000000000000e+02 1.091000000000000000e+03 1.118000000000000000e+03 -7.720000000000000000e+02 -5.000000000000000000e+01 -8.230000000000000000e+02 -1.430000000000000000e+03 -6.250000000000000000e+02 -1.067000000000000000e+03 4.640000000000000000e+02 4.290000000000000000e+02 -1.089000000000000000e+03 3.400000000000000000e+02 1.006000000000000000e+03 -6.140000000000000000e+02 -5.550000000000000000e+02 3.420000000000000000e+02 4.380000000000000000e+02 -1.709000000000000000e+03 1.362000000000000000e+03 1.032000000000000000e+03 1.011000000000000000e+03 4.020000000000000000e+02 -1.314000000000000000e+03 7.820000000000000000e+02 3.480000000000000000e+02 7.000000000000000000e+02 -3.560000000000000000e+02 7.340000000000000000e+02 -6.000000000000000000e+00 3.550000000000000000e+02 6.200000000000000000e+01 -1.000000000000000000e+03 -2.210000000000000000e+02 5.290000000000000000e+02 1.124000000000000000e+03 -7.010000000000000000e+02 1.610000000000000000e+02
1.390000000000000000e+02 -2.900000000000000000e+02 -4.200000000000000000e+02 -7.380000000000000000e+02 9.720000000000000000e+02 -1.067000000000000000e+03 -8.890000000000000000e+02 -1.053000000000000000e+03 -1.380000000000000000e+02 1.690000000000000000e+02 7.800000000000000000e+01 -8.090000000000000000e+02 -3.170000000000000000e+02 4.600000000000000000e+01 -5.920000000000000000e+02 -3.000000000000000000e+02 -2.770000000000000000e+02 1.430000000000000000e+02 3.260000000000000000e+02 -2.200000000000000000e+01 2.500000000000000000e+02 -1.413000000000000000e+03 1.616000000000000000e+03 9.310000000000000000e+02 -6.630000000000000000e+02 -4.000000000000000000e+01 8.210000000000000000e+02 -7.710000000000000000e+02 2.890000000000000000e+02 -7.790000000000000000e+02 -2.770000000000000000e+02 -5.650000000000000000e+02 8.550000000000000000e+02 -8.490000000000000000e+02 7.220000000000000000e+02 -4.620000000000000000e+02 -1.210000000000000000e+02 1.179000000000000000e+03 -2.390000000000000000e+02 6.260000000000000000e+02 3.300000000000000000e+01 1.260000000000000000e+03 6.440000000000000000e+02 1.143000000000000000e+03 3.510000000000000000e+02 6.020000000000000000e+02 5.150000000000000000e+02 7.070000000000000000e+02 1.813000000000000000e+03 6.190000000000000000e+02 -8.640000000000000000e+02 1.077000000000000000e+03 -1.601000000000000000e+03 -7.000000000000000000e+01 -1.150000000000000000e+02 3.670000000000000000e+02 4.340000000000000000e+02 1.400000000000000000e+02 3.070000000000000000e+02 -4.190000000000000000e+02 1.400000000000000000e+01 -2.310000000000000000e+02 -6.700000000000000000e+02 1.231000000000000000e+03 -4.400000000000000000e+01 5.980000000000000000e+02 1.141000000000000000e+03 -7.710000000000000000e+02 -4.330000000000000000e+02 -1.251000000000000000e+03 -1.036000000000000000e+03 -7.860000000000000000e+02 1.216000000000000000e+03 -3.050000000000000000e+02 -9.890000000000000000e+02 8.290000000000000000e+02 5.280000000000000000e+02 5.540000000000000000e+02 -1.585000000000000000e+03 -3.530000000000000000e+02 -2.090000000000000000e+02 -3.470000000000000000e+02 2.080000000000000000e+02 1.903000000000000000e+03 -1.084000000000000000e+03 4.010000000000000000e+02 8.960000000000000000e+02 4.500000000000000000e+01 -3.630000000000000000e+02 -1.600000000000000000e+02 -4.000000000000000000e+01 6.200000000000000000e+01 -4.370000000000000000e+02 -5.340000000000000000e+02 1.003000000000000000e+03 -4.920000000000000000e+02 -1.715000000000000000e+03 1.404000000000000000e+03 1.840000000000000000e+02 -1.825000000000000000e+03
2.090000000000000000e+02 1.710000000000000000e+02 9.000000000000000000e+01 7.640000000000000000e+02 -5.480000000000000000e+02 -1.600000000000000000e+01 -1.195000000000000000e+03 -1.380000000000000000e+02 1.445000000000000000e+03 1.837000000000000000e+03 -1.953000000000000000e+03 -3.840000000000000000e+02 -3.040000000000000000e+02 1.525000000000000000e+03 4.100000000000000000e+02 7.530000000000000000e+02 2.890000000000000000e+02 1.500000000000000000e+02 -4.600000000000000000e+01 1.010000000000000000e+03 -4.440000000000000000e+02 -1.011000000000000000e+03 -3.550000000000000000e+02 5.450000000000000000e+02 9.160000000000000000e+02 6.360000000000000000e+02 7.810000000000000000e+02 1.183000000000000000e+03 -4.910000000000000000e+02 1.053000000000000000e+03 3.980000000000000000e+02 1.005000000000000000e+03 -3.460000000000000000e+02 -1.047000000000000000e+03 1.400000000000000000e+01 3.830000000000000000e+02 1.205000000000000000e+03 -3.280000000000000000e+02 -1.410000000000000000e+02 2.950000000000000000e+02 -6.030000000000000000e+02 5.780000000000000000e+02 9.500000000000000000e+01 9.920000000000000000e+02 4.170000000000000000e+02 -2.490000000000000000e+02 8.430000000000000000e+02 8.000000000000000000e+01 -6.000000000000000000e+00 -1.830000000000000000e+02 5.680000000000000000e+02 9.000000000000000000e+01 -1.450000000000000000e+03 -1.624000000000000000e+03 9.000000000000000000e+00 7.030000000000000000e+02 -7.660000000000000000e+02 1.010000000000000000e+03 -2.000000000000000000e+01 -1.053000000000000000e+03 5.050000000000000000e+02 1.780000000000000000e+02 2.100000000000000000e+01 -1.020000000000000000e+02 6.490000000000000000e+02 -8.610000000000000000e+02 -3.680000000000000000e+02 5.710000000000000000e+02 -8.670000000000000000e+02 -9.470000000000000000e+02 -4.770000000000000000e+02 -5.300000000000000000e+01 2.820000000000000000e+02 2.900000000000000000e+01 -1.090000000000000000e+02 4.380000000000000000e+02 -1.349000000000000000e+03 3.480000000000000000e+02 1.003000000000000000e+03 5.810000000000000000e+02 -1.580000000000000000e+02 2.450000000000000000e+02 8.310000000000000000e+02 -1.400000000000000000e+01 -2.710000000000000000e+02 3.200000000000000000e+02 2.210000000000000000e+02 5.200000000000000000e+02 6.220000000000000000e+02 -3.210000000000000000e+02 7.500000000000000000e+01 -6.400000000000000000e+02 1.045000000000000000e+03 3.260000000000000000e+02 -2.620000000000000000e+02 -2.590000000000000000e+02 1.370000000000000000e+02 -1.083000000000000000e+03 -2.240000000000000000e+02 -4.180000000000000000e+02
3.640000000000000000e+02 -2.270000000000000000e+02 5.270000000000000000e+02 -7.640000000000000000e+02 -6.100000000000000000e+02 1.051000000000000000e+03 -1.003000000000000000e+03 1.690000000000000000e+02 1.837000000000000000e+03 1.829000000000000000e+03 -1.265000000000000000e+03 9.600000000000000000e+01 9.040000000000000000e+02 7.550000000000000000e+02 1.238000000000000000e+03 -8.500000000000000000e+01 3.040000000000000000e+02 7.370000000000000000e+02 -2.750000000000000000e+02 1.580000000000000000e+03 8.760000000000000000e+02 1.810000000000000000e+02 1.430000000000000000e+02 -6.440000000000000000e+02 -1.229000000000000000e+03 -1.570000000000000000e+02 -8.850000000000000000e+02 1.120000000000000000e+02 -6.300000000000000000e+02 5.380000000000000000e+02 6.880000000000000000e+02 5.490000000000000000e+02 2.300000000000000000e+01 4.570000000000000000e+02 6.700000000000000000e+01 4.610000000000000000e+02 1.790000000000000000e+02 2.520000000000000000e+02 2.510000000000000000e+02 -1.417000000000000000e+03 1.190000000000000000e+02 -1.504000000000000000e+03 1.830000000000000000e+02 -3.460000000000000000e+02 -7.550000000000000000e+02 7.650000000000000000e+02 1.460000000000000000e+02 1.495000000000000000e+03 -1.112000000000000000e+03 -1.122000000000000000e+03 -1.069000000000000000e+03 2.500000000000000000e+01 -1.553000000000000000e+03 9.250000000000000000e+02 1.124000000000000000e+03 1.175000000000000000e+03 -1.961000000000000000e+03 1.394000000000000000e+03 6.500000000000000000e+01 1.497000000000000000e+03 3.660000000000000000e+02 4.520000000000000000e+02 -7.790000000000000000e+02 -1.011000000000000000e+03 -9.090000000000000000e+02 -3.720000000000000000e+02 -1.079000000000000000e+03 -1.600000000000000000e+02 -8.080000000000000000e+02 -1.217000000000000000e+03 -1.470000000000000000e+03 9.430000000000000000e+02 1.047000000000000000e+03 -3.640000000000000000e+02 2.330000000000000000e+02 1.643000000000000000e+03 -8.690000000000000000e+02 -2.620000000000000000e+02 7.340000000000000000e+02 1.100000000000000000e+03 -1.066000000000000000e+03 -3.010000000000000000e+02 -6.400000000000000000e+01 -2.450000000000000000e+02 7.720000000000000000e+02 1.316000000000000000e+03 5.100000000000000000e+01 -9.300000000000000000e+01 3.610000000000000000e+02 -4.000000000000000000e+00 -6.200000000000000000e+01 3.510000000000000000e+02 -7.980000000000000000e+02 -1.660000000000000000e+02 -7.440000000000000000e+02 -1.218000000000000000e+03 -1.463000000000000000e+03 7.170000000000000000e+02 -3.120000000000000000e+02 2.410000000000000000e+02
-5.590000000000000000e+02 2.310000000000000000e+02 8.550000000000000000e+02 -2.890000000000000000e+02 -9.800000000000000000e+01 1.710000000000000000e+02 2.640000000000000000e+02 7.800000000000000000e+01 -1.953000000000000000e+03 -1.265000000000000000e+03 -2.760000000000000000e+02 9.680000000000000000e+02 1.310000000000000000e+02 -1.410000000000000000e+03 -3.010000000000000000e+02 -9.800000000000000000e+01 9.000000000000000000e+02 1.305000000000000000e+03 5.110000000000000000e+02 -4.070000000000000000e+02 7.620000000000000000e+02 -5.970000000000000000e+02 -9.630000000000000000e+02 3.460000000000000000e+02 -1.146000000000000000e+03 -1.420000000000000000e+02 -1.594000000000000000e+03 -8.320000000000000000e+02 -1.000000000000000000e+02 1.511000000000000000e+03 -1.507000000000000000e+03 1.169000000000000000e+03 2.900000000000000000e+02 -1.715000000000000000e+03 1.085000000000000000e+03 5.730000000000000000e+02 -6.450000000000000000e+02 -2.120000000000000000e+02 1.800000000000000000e+02 1.191000000000000000e+03 4.500000000000000000e+01 2.880000000000000000e+02 -5.070000000000000000e+02 1.039000000000000000e+03 -3.240000000000000000e+02 9.180000000000000000e+02 7.440000000000000000e+02 -5.780000000000000000e+02 1.930000000000000000e+02 1.576000000000000000e+03 -3.060000000000000000e+02 -1.641000000000000000e+03 -6.780000000000000000e+02 -1.367000000000000000e+03 -2.800000000000000000e+02 -1.756000000000000000e+03 1.468000000000000000e+03 4.440000000000000000e+02 -2.440000000000000000e+02 8.930000000000000000e+02 1.258000000000000000e+03 6.870000000000000000e+02 -4.460000000000000000e+02 7.890000000000000000e+02 1.950000000000000000e+02 -5.030000000000000000e+02 4.570000000000000000e+02 -1.374000000000000000e+03 -3.930000000000000000e+02 -2.050000000000000000e+02 -1.073000000000000000e+03 3.860000000000000000e+02 -7.690000000000000000e+02 8.760000000000000000e+02 -2.310000000000000000e+02 -9.930000000000000000e+02 1.260000000000000000e+02 1.230000000000000000e+03 1.880000000000000000e+03 1.349000000000000000e+03 -7.120000000000000000e+02 4.010000000000000000e+02 -4.200000000000000000e+02 -3.120000000000000000e+02 1.678000000000000000e+03 6.400000000000000000e+01 -6.360000000000000000e+02 -2.460000000000000000e+02 -1.151000000000000000e+03 -2.250000000000000000e+02 -1.300000000000000000e+03 -1.036000000000000000e+03 2.460000000000000000e+02 -1.760000000000000000e+02 1.870000000000000000e+02 -1.200000000000000000e+01 2.500000000000000000e+01 -1.630000000000000000e+02 -1.244000000000000000e+03 -2.600000000000000000e+01
-3.980000000000000000e+02 1.707000000000000000e+03 -1.310000000000000000e+02 2.290000000000000000e+02 2.890000000000000000e+02 -1.638000000000000000e+03 2.910000000000000000e+02 -8.090000000000000000e+02 -3.840000000000000000e+02 9.600000000000000000e+01 9.680000000000000000e+02 1.498000000000000000e+03 -1.113000000000000000e+03 -1.360000000000000000e+03 -6.700000000000000000e+02 1.230000000000000000e+02 -1.091000000000000000e+03 -6.450000000000000000e+02 -1.100000000000000000e+01 3.720000000000000000e+02 3.570000000000000000e+02 -2.180000000000000000e+02 5.510000000000000000e+02 7.150000000000000000e+02 3.730000000000000000e+02 2.610000000000000000e+02 -5.170000000000000000e+02 -9.600000000000000000e+01 -8.400000000000000000e+02 2.330000000000000000e+02 -7.370000000000000000e+02 -1.104000000000000000e+03 1.595000000000000000e+03 -2.440000000000000000e+02 -6.770000000000000000e+02 -1.151000000000000000e+03 1.700000000000000000e+01 -8.660000000000000000e+02 4.750000000000000000e+02 7.900000000000000000e+01 -1.410000000000000000e+02 3.470000000000000000e+02 3.810000000000000000e+02 1.750000000000000000e+02 6.470000000000000000e+02 -6.120000000000000000e+02 -6.960000000000000000e+02 -8.700000000000000000e+02 1.431000000000000000e+03 1.369000000000000000e+03 -6.870000000000000000e+02 -2.490000000000000000e+02 1.698000000000000000e+03 1.259000000000000000e+03 -1.762000000000000000e+03 5.710000000000000000e+02 -5.080000000000000000e+02 -1.491000000000000000e+03 5.710000000000000000e+02 8.650000000000000000e+02 1.870000000000000000e+02 -1.400000000000000000e+01 1.370000000000000000e+02 1.001000000000000000e+03 4.920000000000000000e+02 6.620000000000000000e+02 2.560000000000000000e+02 7.400000000000000000e+01 1.717000000000000000e+03 -4.450000000000000000e+02 3.500000000000000000e+02 -8.500000000000000000e+01 9.700000000000000000e+02 2.030000000000000000e+02 -3.230000000000000000e+02 3.440000000000000000e+02 5.580000000000000000e+02 -9.600000000000000000e+01 -9.200000000000000000e+01 -1.400000000000000000e+01 -1.091000000000000000e+03 -5.380000000000000000e+02 3.060000000000000000e+02 -6.900000000000000000e+02 6.490000000000000000e+02 1.480000000000000000e+02 -1.114000000000000000e+03 -7.500000000000000000e+02 -1.208000000000000000e+03 8.530000000000000000e+02 9.830000000000000000e+02 -4.590000000000000000e+02 4.670000000000000000e+02 1.628000000000000000e+03 -9.190000000000000000e+02 3.280000000000000000e+02 -9.580000000000000000e+02 -4.130000000000000000e+02 1.569000000000000000e+03 -6.160000000000000000e+02
-3.200000000000000000e+01 -9.990000000000000000e+02 -1.776000000000000000e+03 3.120000000000000000e+02 -1.257000000000000000e+03 -7.320000000000000000e+02 -1.146000000000000000e+03 -3.170000000000000000e+02 -3.040000000000000000e+02 9.040000000000000000e+02 1.310000000000000000e+02 -1.113000000000000000e+03 -2.050000000000000000e+02 -2.060000000000000000e+02 -1.200000000000000000e+01 -6.200000000000000000e+02 -1.420000000000000000e+03 -1.650000000000000000e+02 -9.580000000000000000e+02 8.150000000000000000e+02 1.570000000000000000e+02 9.580000000000000000e+02 -7.770000000000000000e+02 1.900000000000000000e+03 -8.870000000000000000e+02 9.960000000000000000e+02 -1.700000000000000000e+02 -6.600000000000000000e+01 -2.490000000000000000e+02 -1.065000000000000000e+03 -4.810000000000000000e+02 -1.144000000000000000e+03 1.030000000000000000e+02 -8.290000000000000000e+02 -6.800000000000000000e+01 8.560000000000000000e+02 -7.830000000000000000e+02 -9.980000000000000000e+02 6.100000000000000000e+02 -4.110000000000000000e+02 -5.310000000000000000e+02 2.650000000000000000e+02 -7.530000000000000000e+02 6.400000000000000000e+01 -6.150000000000000000e+02 8.080000000000000000e+02 -1.400000000000000000e+02 3.990000000000000000e+02 -1.140000000000000000e+02 4.760000000000000000e+02 -1.854000000000000000e+03 6.070000000000000000e+02 -1.346000000000000000e+03 6.060000000000000000e+02 -1.296000000000000000e+03 -3.030000000000000000e+02 1.460000000000000000e+02 1.308000000000000000e+03 -5.520000000000000000e+02 7.400000000000000000e+01 1.037000000000000000e+03 1.347000000000000000e+03 3.440000000000000000e+02 -8.140000000000000000e+02 -1.572000000000000000e+03 -1.044000000000000000e+03 3.860000000000000000e+02 -6.440000000000000000e+02 1.434000000000000000e+03 8.730000000000000000e+02 -5.340000000000000000e+02 -9.870000000000000000e+02 -3.330000000000000000e+02 -3.730000000000000000e+02 -4.600000000000000000e+01 -5.210000000000000000e+02 -9.110000000000000000e+02 8.060000000000000000e+02 -2.900000000000000000e+01 -4.900000000000000000e+02 -1.321000000000000000e+03 3.050000000000000000e+02 7.000000000000000000e+01 1.530000000000000000e+02 6.760000000000000000e+02 8.060000000000000000e+02 -7.260000000000000000e+02 -4.540000000000000000e+02 -2.790000000000000000e+02 2.320000000000000000e+02 -1.242000000000000000e+03 -1.691000000000000000e+03 -5.580000000000000000e+02 3.660000000000000000e+02 4.190000000000000000e+02 -1.430000000000000000e+02 1.419000000000000000e+03 1.088000000000000000e+03 1.469000000000000000e+03 -2.970000000000000000e+02
-7.910000000000000000e+02 -1.297000000000000000e+03 -1.270000000000000000e+02 -3.000000000000000000e+01 -1.800000000000000000e+01 1.620000000000000000e+02 7.030000000000000000e+02 4.600000000000000000e+01 1.525000000000000000e+03 7.550000000000000000e+02 -1.410000000000000000e+03 -1.360000000000000000e+03 -2.060000000000000000e+02 7.500000000000000000e+02 -1.084000000000000000e+03 -1.653000000000000000e+03 -1.164000000000000000e+03 1.470000000000000000e+03 7.360000000000000000e+02 7.140000000000000000e+02 3.190000000000000000e+02 5.900000000000000000e+02 3.280000000000000000e+02 2.930000000000000000e+02 -3.100000000000000000e+02 -3.270000000000000000e+02 -6.600000000000000000e+01 2.900000000000000000e+02 5.890000000000000000e+02 8.640000000000000000e+02 -2.710000000000000000e+02 1.303000000000000000e+03 -6.700000000000000000e+01 1.242000000000000000e+03 -7.600000000000000000e+01 9.600000000000000000e+01 2.410000000000000000e+02 -7.820000000000000000e+02 -8.120000000000000000e+02 -1.959000000000000000e+03 -1.046000000000000000e+03 -5.940000000000000000e+02 6.200000000000000000e+01 -7.020000000000000000e+02 -1.109000000000000000e+03 3.440000000000000000e+02 -6.310000000000000000e+02 3.800000000000000000e+01 3.760000000000000000e+02 -2.230000000000000000e+02 1.160000000000000000e+03 -9.210000000000000000e+02 -6.150000000000000000e+02 -5.500000000000000000e+01 -9.270000000000000000e+02 -3.600000000000000000e+01 -2.440000000000000000e+02 3.960000000000000000e+02 -5.180000000000000000e+02 -1.360000000000000000e+02 -3.450000000000000000e+02 1.104000000000000000e+03 -3.500000000000000000e+01 -8.750000000000000000e+02 -7.180000000000000000e+02 -3.110000000000000000e+02 7.240000000000000000e+02 9.500000000000000000e+02 1.423000000000000000e+03 2.100000000000000000e+01 5.740000000000000000e+02 -9.190000000000000000e+02 -9.590000000000000000e+02 -5.560000000000000000e+02 -3.440000000000000000e+02 9.330000000000000000e+02 3.120000000000000000e+02 1.101000000000000000e+03 2.940000000000000000e+02 7.500000000000000000e+01 -3.270000000000000000e+02 -1.206000000000000000e+03 -1.682000000000000000e+03 -5.670000000000000000e+02 1.503000000000000000e+03 1.770000000000000000e+02 -1.260000000000000000e+02 1.320000000000000000e+02 5.900000000000000000e+01 -1.158000000000000000e+03 5.580000000000000000e+02 -8.390000000000000000e+02 -2.670000000000000000e+02 -1.390000000000000000e+03 2.140000000000000000e+02 -1.677000000000000000e+03 5.870000000000000000e+02 -4.430000000000000000e+02 -9.480000000000000000e+02 1.286000000000000000e+03
-1.041000000000000000e+03 4.590000000000000000e+02 1.208000000000000000e+03 -1.760000000000000000e+02 8.700000000000000000e+01 -1.252000000000000000e+03 5.620000000000000000e+02 -5.920000000000000000e+02 4.100000000000000000e+02 1.238000000000000000e+03 -3.010000000000000000e+02 -6.700000000000000000e+02 -1.200000000000000000e+01 -1.084000000000000000e+03 2.970000000000000000e+02 -1.280000000000000000e+02 6.000000000000000000e+02 -1.449000000000000000e+03 -8.700000000000000000e+02 6.740000000000000000e+02 -3.720000000000000000e+02 -8.400000000000000000e+01 -3.270000000000000000e+02 -3.400000000000000000e+01 -7.190000000000000000e+02 -9.780000000000000000e+02 1.104000000000000000e+03 8.880000000000000000e+02 -1.166000000000000000e+03 -4.270000000000000000e+02 5.000000000000000000e+01 1.146000000000000000e+03 -1.551000000000000000e+03 5.300000000000000000e+02 -1.035000000000000000e+03 1.035000000000000000e+03 -1.467000000000000000e+03 -2.100000000000000000e+01 -1.642000000000000000e+03 -3.830000000000000000e+02 1.302000000000000000e+03 -5.270000000000000000e+02 -1.335000000000000000e+03 -2.790000000000000000e+02 1.272000000000000000e+03 8.540000000000000000e+02 3.660000000000000000e+02 -3.810000000000000000e+02 -4.900000000000000000e+01 -8.510000000000000000e+02 4.740000000000000000e+02 1.110000000000000000e+02 2.730000000000000000e+02 1.026000000000000000e+03 1.457000000000000000e+03 -2.600000000000000000e+01 9.900000000000000000e+02 2.150000000000000000e+02 -3.800000000000000000e+02 -3.090000000000000000e+02 -1.308000000000000000e+03 3.850000000000000000e+02 3.000000000000000000e+01 -1.420000000000000000e+02 6.600000000000000000e+02 3.310000000000000000e+02 1.540000000000000000e+02 1.701000000000000000e+03 3.010000000000000000e+02 1.292000000000000000e+03 8.150000000000000000e+02 -1.360000000000000000e+02 9.770000000000000000e+02 4.270000000000000000e+02 1.670000000000000000e+02 -7.340000000000000000e+02 1.908000000000000000e+03 5.730000000000000000e+02 -1.570000000000000000e+02 -7.650000000000000000e+02 6.310000000000000000e+02 -6.150000000000000000e+02 6.050000000000000000e+02 6.320000000000000000e+02 5.000000000000000000e+01 -2.250000000000000000e+02 -6.920000000000000000e+02 -6.020000000000000000e+02 -5.800000000000000000e+01 1.570000000000000000e+02 -7.780000000000000000e+02 -4.700000000000000000e+02 1.639000000000000000e+03 -6.500000000000000000e+02 -1.198000000000000000e+03 -1.543000000000000000e+03 -1.047000000000000000e+03 -7.530000000000000000e+02 1.504000000000000000e+03 -1.063000000000000000e+03
